5.80735492206 5.80735492206 5.16992500144 4.08746284125 4.80735492206 3.70043971814 3.0 
7.90689059561 7.90689059561 7.08746284125 5.49185309633 6.90689059561 5.24792751344 4.0 
9.95419631039 9.95419631039 9.04439411936 6.76818432478 8.95419631039 6.68650052718 5.0 
11.9772799235 11.9772799235 11.022367813 7.98299357469 10.9772799235 8.04439411936 6.0 
13.9886846868 13.9886846868 13.0112272554 9.16239132876 12.9886846868 9.342074668 7.0 
15.9943534369 15.9943534369 15.0056245492 10.3185428097 14.9943534369 10.5943246039 8.0 
17.9971794809 17.9971794809 17.0028150156 11.4578938373 16.9971794809 11.8117760553 9.0 
19.9985904297 19.9985904297 19.0014081944 12.5842578877 18.9985904297 13.0021117765 10.0 
21.999295387 21.999295387 21.000704269 13.7001145549 20.999295387 14.1709421686 11.0 
23.9996477365 23.9996477365 23.0003521775 14.8072039625 22.9996477365 15.3224211193 12.0 
