3.70043971814 3.70043971814 3.0 3.0 3.80735492206 3.70043971814 3.0 
4.85798099513 4.85798099513 4.0 4.0 4.90689059561 5.04439411936 4.0 
5.93073733756 5.93073733756 5.0 5.0 5.95419631039 6.33985000288 5.0 
6.96578428466 6.96578428466 6.0 6.0 6.9772799235 7.59245703727 6.0 
7.98299357469 7.98299357469 7.0 7.0 7.98868468677 8.81057163474 7.0 
8.99152184608 8.99152184608 8.0 8.0 8.99435343686 10.0014081944 8.0 
9.99576715088 9.99576715088 9.0 9.0 9.99717948094 11.1705510353 9.0 
10.9978851278 10.9978851278 10.0 10.0 10.9985904297 12.3222098437 10.0 
11.9989429514 11.9989429514 11.0 11.0 11.999295387 13.4595596931 11.0 
12.9994715725 12.9994715725 12.0 12.0 12.9996477365 14.5850212029 12.0 
