4.80735492206 5.61470984412 5.16992500144 3.90689059561 4.0 4.32192809489 3.0 
7.49185309633 7.81378119122 7.08746284125 5.49185309633 6.0 5.75488750216 4.0 
9.53915881111 9.65463602853 9.04439411936 6.89481776331 7.70043971814 6.9772799235 5.0 
11.8352609186 11.7321674257 11.022367813 8.23840473933 8.61838550226 8.56224242422 6.0 
13.8466656819 13.7301516732 13.0112272554 9.53527537662 9.95419631039 9.65463602853 7.0 
15.9012440325 15.9543553689 15.0056245492 10.7507069862 11.3359485652 10.9794251953 8.0 
17.924957443 17.9100688172 17.0028150156 11.9614496944 12.1789760114 12.2582715763 9.0 
19.9440342661 19.9686963204 19.0014081944 13.1326603771 13.3564519702 13.3463752189 10.0 
21.9432753014 21.9381398445 21.000704269 14.2846795344 14.6383793455 14.5048189876 11.0 
23.9447257316 23.9672342638 23.0003521775 15.4235755449 15.67060093 15.7831005531 12.0 
