3.58496250072 4.08746284125 3.0 3.0 3.80735492206 4.08746284125 3.0 
5.88264304936 5.72792045456 4.0 4.0 5.04439411936 5.0 4.0 
7.76155123244 7.76155123244 5.0 5.0 6.37503943135 6.40939093614 5.0 
9.92184093707 9.99576715088 6.0 6.0 7.29462074889 7.67948009951 6.0 
12.0028150156 11.950920352 7.0 7.0 8.65821148275 8.77807712954 7.0 
13.9751314569 13.9306449489 8.0 8.0 10.7507069862 10.3520434258 8.0 
15.939349643 15.9867975482 9.0 9.0 11.3602984266 11.5299185281 9.0 
17.9783808911 18.0218204128 10.0 10.0 12.3695973463 12.5350323145 10.0 
19.9748024703 20.0067465586 11.0 11.0 13.8426449814 13.823168179 11.0 
22.0020763994 22.002081208 12.0 12.0 14.6759570329 15.0646164729 12.0 
