20 20 255
0 0 255 255 0 0 255 0 0 0 0 255 255 0 0 255 0 0 0 0 255 255 0 0 255 0 0 0 0 255 255 0 0 255 0 0 0 0 255 255 0 0 255 0 0 0 0 255 255 0 0 255 0 0 0 0 255 255 0 0 
0 0 255 255 0 0 255 0 0 0 0 255 255 0 0 255 0 0 0 0 255 255 0 0 255 0 0 0 0 255 255 0 0 255 0 0 0 0 255 255 0 0 255 0 0 0 0 255 255 0 0 255 0 0 29 0 226 255 0 0 
0 0 255 255 0 0 255 0 0 0 0 255 255 0 0 255 0 0 0 0 255 255 0 0 255 0 0 0 0 255 255 0 0 255 0 0 29 0 226 255 0 0 227 0 28 29 0 226 255 0 0 227 0 28 29 0 226 255 0 0 
0 0 255 255 0 0 255 0 0 0 0 255 255 0 0 255 0 0 0 0 255 255 0 0 255 0 0 29 0 226 255 0 0 227 0 28 29 0 226 255 0 0 227 0 28 29 0 226 255 0 0 227 0 28 29 0 226 255 0 0 
0 0 255 255 0 0 255 0 0 0 0 255 255 0 0 255 0 0 29 0 226 255 0 0 227 0 28 29 0 226 255 0 0 227 0 28 29 0 226 255 0 0 227 0 28 57 0 198 255 0 0 199 0 56 57 0 198 255 0 0 
0 0 255 255 0 0 255 0 0 0 0 255 255 0 0 255 0 0 29 0 226 255 0 0 227 0 28 29 0 226 255 0 0 227 0 28 29 0 226 255 0 0 227 0 28 85 0 170 255 0 0 170 0 85 255 0 0 255 0 0 
0 0 255 255 0 0 255 0 0 29 0 226 255 0 0 227 0 28 29 0 226 255 0 0 227 0 28 29 0 226 255 0 0 227 0 28 57 0 198 255 0 0 199 0 56 142 0 113 255 0 0 114 0 141 255 0 0 255 0 0 
0 0 255 255 0 0 255 0 0 29 0 226 255 0 0 227 0 28 29 0 226 255 0 0 227 0 28 29 0 226 255 0 0 227 0 28 57 0 198 255 0 0 199 0 56 255 0 0 255 0 0 0 0 255 255 0 0 255 0 0 
0 0 255 255 0 0 255 0 0 29 0 226 255 0 0 227 0 28 29 0 226 255 0 0 227 0 28 29 0 226 255 0 0 227 0 28 57 0 198 255 0 0 199 0 56 85 0 170 255 0 0 170 0 85 170 0 85 255 0 0 
0 0 255 255 0 0 255 0 0 29 0 226 255 0 0 227 0 28 29 0 226 255 0 0 227 0 28 29 0 226 255 0 0 227 0 28 57 0 198 255 0 0 199 0 56 85 0 170 255 0 0 170 0 85 114 0 141 255 0 0 
0 0 255 255 0 0 255 0 0 29 0 226 255 0 0 227 0 28 29 0 226 255 0 0 227 0 28 29 0 226 255 0 0 227 0 28 57 0 198 255 0 0 199 0 56 57 0 198 255 0 0 199 0 56 114 0 141 255 0 0 
0 0 255 255 0 0 255 0 0 29 0 226 255 0 0 227 0 28 29 0 226 255 0 0 227 0 28 29 0 226 255 0 0 227 0 28 57 0 198 255 0 0 199 0 56 57 0 198 255 0 0 199 0 56 114 0 141 255 0 0 
0 0 255 255 0 0 255 0 0 29 0 226 255 0 0 227 0 28 29 0 226 255 0 0 227 0 28 29 0 226 255 0 0 227 0 28 29 0 226 255 0 0 227 0 28 57 0 198 255 0 0 199 0 56 85 0 170 255 0 0 
0 0 255 255 0 0 255 0 0 29 0 226 255 0 0 227 0 28 29 0 226 255 0 0 227 0 28 29 0 226 255 0 0 227 0 28 29 0 226 255 0 0 227 0 28 57 0 198 255 0 0 199 0 56 85 0 170 255 0 0 
0 0 255 255 0 0 255 0 0 0 0 255 255 0 0 255 0 0 29 0 226 255 0 0 227 0 28 29 0 226 255 0 0 227 0 28 29 0 226 255 0 0 227 0 28 29 0 226 255 0 0 227 0 28 57 0 198 255 0 0 
0 0 255 255 0 0 255 0 0 0 0 255 255 0 0 255 0 0 29 0 226 255 0 0 227 0 28 29 0 226 255 0 0 227 0 28 29 0 226 255 0 0 227 0 28 29 0 226 255 0 0 227 0 28 29 0 226 255 0 0 
0 0 255 255 0 0 255 0 0 0 0 255 255 0 0 255 0 0 0 0 255 255 0 0 255 0 0 29 0 226 255 0 0 227 0 28 29 0 226 255 0 0 227 0 28 29 0 226 255 0 0 227 0 28 29 0 226 255 0 0 
0 0 255 255 0 0 255 0 0 0 0 255 255 0 0 255 0 0 0 0 255 255 0 0 255 0 0 0 0 255 255 0 0 255 0 0 29 0 226 255 0 0 227 0 28 29 0 226 255 0 0 227 0 28 29 0 226 255 0 0 
0 0 255 255 0 0 255 0 0 0 0 255 255 0 0 255 0 0 0 0 255 255 0 0 255 0 0 0 0 255 255 0 0 255 0 0 0 0 255 255 0 0 255 0 0 0 0 255 255 0 0 255 0 0 29 0 226 255 0 0 
0 0 255 255 0 0 255 0 0 0 0 255 255 0 0 255 0 0 0 0 255 255 0 0 255 0 0 0 0 255 255 0 0 255 0 0 0 0 255 255 0 0 255 0 0 0 0 255 255 0 0 255 0 0 0 0 255 255 0 0 
0 0 255 255 0 0 255 0 0 0 0 255 255 0 0 255 0 0 0 0 255 255 0 0 255 0 0 0 0 255 255 0 0 255 0 0 0 0 255 255 0 0 255 0 0 0 0 255 255 0 0 255 0 0 0 0 255 255 0 0 
255 0 0 255 0 0 255 0 0 255 0 0 255 0 0 255 0 0 255 0 0 255 0 0 255 0 0 255 0 0 255 0 0 255 0 0 255 0 0 255 0 0 255 0 0 255 0 0 255 0 0 255 0 0 255 0 0 255 0 0 
